-0.110 -0.090 -0.130 0.090 -0.235 0.115 0.035 -0.030 -0.035 -0.150 -0.275 -0.095 -0.200 0.035 0.155 0.120 -0.090 0.325 -0.190 0.015 -0.110 -0.045 -0.400 -0.015 0.110 0.185 0.210 0.430 -0.330 0.230 0.340 0.030 0.070 0.125 -0.045 0.350 -0.330 -0.030 0.095 -0.095 0.260 0.040 0.065 -0.205 -0.035 0.070 0.195 0.465 0.005 0.570 0.020 0.055 0.165 0.090 -0.060 0.250 -0.130 -0.205 0.155 0.090 -0.175 -0.075 0.105 0.180 -0.030
0.025 -0.050 0.005 -0.100 0.165 0.240 -0.375 0.190 -0.295 -0.045 -0.085 -0.030 0.245 0.185 0.050 -0.340 -0.110 -0.030 0.075 -0.135 -0.080 0.085 -0.090 0.085 -0.310 -0.170 -0.095 0.285 -0.250 0.340 0.120 0.170 -0.235 -0.145 -0.125 -0.065 -0.045 0.410 -0.015 0.345 0.075 0.040 0.205 0.135 -0.245 0.325 0.075 -0.045 0.135 0.520 0.035 0.230 0.165 -0.085 0.145 -0.305 0.210 -0.320 0.025 -0.345 0.085 -0.335 0.030 0.470 -0.135
-0.060 -0.130 0.115 0.165 -0.010 0.020 0.240 0.045 0.560 -0.025 0.220 -0.180 -0.265 -0.315 -0.275 0.005 0.275 0.080 0.015 0.205 0.185 0.260 -0.075 0.260 0.075 -0.385 0.145 -0.005 -0.315 0.065 -0.315 -0.105 -0.165 0.085 0.170 0.165 0.105 -0.130 -0.345 -0.245 0.305 -0.105 -0.135 0.195 0.285 -0.110 0.270 -0.160 0.360 0.220 0.280 -0.200 -0.005 0.150 -0.075 -0.300 -0.030 -0.340 0.055 0.010 -0.025 0.425 -0.150 -0.225 -0.120
0.120 0.300 0.050 0.045 -0.055 -0.055 0.160 0.130 -0.010 -0.140 -0.230 0.075 0.030 -0.250 -0.130 -0.045 -0.270 -0.130 0.115 0.165 0.010 0.035 -0.050 -0.030 -0.155 0.015 0.045 0.110 0.235 -0.110 0.455 0.070 0.325 0.025 0.150 0.045 0.065 0.090 0.045 0.040 -0.505 0.075 0.070 -0.175 -0.240 0.070 0.120 0.375 -0.140 -0.130 -0.125 0.560 -0.260 0.055 -0.200 -0.175 0.230 0.130 0.180 0.390 -0.130 0.280 -0.125 0.180 -0.000
-0.230 -0.425 0.025 0.325 -0.035 -0.465 0.105 0.045 -0.210 0.355 0.085 -0.125 -0.625 -0.185 -0.175 0.075 -0.220 0.305 0.050 0.090 0.250 -0.190 0.155 -0.055 0.125 -0.165 -0.090 0.010 0.175 0.090 -0.085 -0.365 0.060 -0.170 0.325 -0.055 0.170 -0.005 0.225 0.210 0.215 -0.205 -0.135 -0.055 -0.335 0.110 -0.135 -0.245 -0.065 -0.120 -0.005 0.220 0.080 0.125 -0.165 -0.010 -0.250 0.090 -0.225 -0.085 0.150 -0.430 0.030 0.050 0.075
0.060 0.115 -0.170 0.080 -0.015 -0.265 0.195 -0.350 -0.145 0.420 0.200 0.335 0.185 -0.165 -0.045 -0.130 -0.110 -0.005 -0.075 0.015 -0.325 0.095 -0.070 -0.105 -0.120 0.040 0.235 0.020 0.525 0.120 0.065 0.175 0.440 -0.355 -0.110 0.365 0.290 -0.180 0.215 -0.045 -0.190 -0.035 0.020 -0.245 0.260 -0.095 -0.280 0.025 -0.095 0.030 0.130 -0.100 0.250 -0.015 -0.055 0.005 0.025 0.070 -0.120 0.065 0.010 -0.100 0.150 -0.225 -0.010
-0.020 -0.120 -0.125 -0.080 0.095 0.015 -0.170 0.050 -0.145 0.100 -0.070 0.410 -0.395 0.270 0.170 -0.020 -0.005 -0.245 -0.035 0.280 0.510 0.045 0.170 -0.265 0.030 0.065 0.010 0.095 -0.095 0.435 0.190 0.210 -0.165 -0.080 -0.165 0.160 -0.210 0.455 0.220 0.390 -0.140 -0.240 -0.235 0.165 0.060 0.060 -0.120 -0.025 -0.195 -0.010 0.010 -0.050 -0.005 0.145 -0.090 -0.340 -0.440 0.070 0.050 0.105 0.235 0.180 0.280 -0.250 -0.035
0.250 0.035 -0.170 0.105 -0.050 -0.150 -0.145 -0.385 0.040 -0.045 -0.045 0.335 0.040 -0.065 0.160 0.200 -0.125 0.135 0.220 0.115 0.210 0.185 -0.035 -0.465 -0.165 -0.265 -0.130 0.095 -0.195 0.280 -0.050 -0.230 0.000 0.515 -0.350 0.235 0.360 -0.155 -0.175 -0.250 -0.295 -0.080 0.235 -0.025 -0.130 -0.205 0.055 -0.325 -0.130 -0.215 0.050 0.225 0.240 0.535 -0.105 -0.030 0.170 -0.095 -0.205 -0.210 0.255 -0.005 0.105 -0.010 0.035
0.155 0.090 -0.030 -0.210 0.260 -0.425 -0.105 -0.040 0.090 -0.195 -0.430 -0.315 -0.235 0.165 -0.080 -0.075 0.165 0.340 0.195 -0.280 -0.030 0.480 0.160 0.045 -0.180 -0.040 -0.185 -0.175 0.200 -0.125 -0.200 0.305 0.090 -0.040 0.015 -0.345 0.410 0.090 -0.020 0.185 -0.270 -0.075 0.165 -0.010 -0.145 0.055 -0.020 0.015 -0.110 -0.115 0.040 -0.410 0.135 -0.095 0.260 0.400 -0.050 0.090 0.050 0.115 -0.195 -0.110 0.010 -0.085 -0.205
-0.095 -0.050 0.215 0.030 -0.020 0.300 -0.075 0.010 -0.075 0.275 -0.060 0.020 0.030 -0.070 -0.385 -0.210 -0.155 0.225 -0.075 0.095 0.100 -0.160 0.350 0.095 -0.135 0.520 0.040 -0.245 -0.145 -0.090 -0.025 -0.270 -0.175 0.135 0.035 0.030 0.370 -0.205 -0.105 -0.105 0.375 -0.160 0.130 -0.145 0.275 -0.005 -0.280 -0.070 0.160 -0.110 -0.115 0.220 -0.005 -0.400 0.020 0.105 -0.155 -0.010 0.320 -0.315 0.155 -0.380 -0.260 -0.130 0.035
